1628610720520 163.9390869140625 0
1628610870563 126.8576431274414 1
1628611019000 120.4842300415039 2
1628611166519 113.94965362548828 3
1628611314195 96.1773452758789 4
1628611461050 93.51101684570312 5
1628611607997 91.96619415283203 6
1628611755861 90.173828125 7
1628611902818 89.2899398803711 8
1628612044282 88.35254669189453 9
1628612191453 87.49762725830078 10
1628612349999 86.98907470703125 11
1628612495895 86.48043060302734 12
1628612632346 86.09354400634766 13
1628612765734 85.45116424560547 14
1628612899233 85.27262878417969 15
1628613032743 84.771484375 16
1628613165451 84.34253692626953 17
1628613298764 83.80519104003906 18
1628613431918 83.49138641357422 19
1628613567071 83.07535552978516 20
1628613709905 82.75814056396484 21
1628613847539 82.57337188720703 22
1628613976842 82.42623138427734 23
1628614120195 82.18383026123047 24
1628614257912 82.30192565917969 25
1628614402791 83.9986801147461 26
