1628581308729 194.35409545898438 0
1628581345541 126.88538360595703 1
1628581389149 110.0619125366211 2
1628581432422 103.04185485839844 3
1628581474567 98.59479522705078 4
1628581514372 95.50689697265625 5
1628581554060 93.52049255371094 6
1628581595879 91.13455200195312 7
1628581634518 89.8106460571289 8
1628581677644 88.38223266601562 9
1628581720604 87.3262710571289 10
1628581761790 86.08744812011719 11
1628581805430 84.70055389404297 12
1628581847672 83.84390258789062 13
1628581888815 83.26376342773438 14
1628581927736 82.43656158447266 15
1628581966484 81.87056732177734 16
1628582010666 81.3814697265625 17
1628582054883 80.91880798339844 18
1628582098577 80.08132934570312 19
1628582137340 79.63907623291016 20
1628582176306 79.17064666748047 21
1628582215018 78.72865295410156 22
1628582254049 78.07463836669922 23
1628582293170 77.66209411621094 24
1628582331884 77.00227355957031 25
1628582371010 76.57666778564453 26
1628582410352 76.30744934082031 27
1628582448808 76.32796478271484 28
1628582492972 76.25411987304688 29
1628582537335 75.74248504638672 30
1628582577627 75.667236328125 31
1628582617485 74.98844146728516 32
1628582657337 75.0637435913086 33
1628582696636 74.83721923828125 34
1628582736243 74.10450744628906 35
1628582775670 74.10655975341797 36
1628582815204 73.79053497314453 37
1628582854425 73.64411926269531 38
1628582895881 72.9910659790039 39
1628582935054 72.92378234863281 40
1628582974221 72.53952026367188 41
1628583013468 72.71784973144531 42
1628583052698 72.13060760498047 43
1628583091685 71.73424530029297 44
1628583130591 71.41238403320312 45
1628583170446 71.53034973144531 46
1628583215346 71.84171295166016 47
1628583256637 71.70860290527344 48
1628583300410 71.47515869140625 49
