1628572054069 183.60484313964844 0
1628572081703 139.36512756347656 1
1628572109202 134.1297607421875 2
1628572137117 130.56243896484375 3
1628572164809 127.96683502197266 4
1628572192309 125.64027404785156 5
1628572220419 124.99856567382812 6
1628572247979 123.73466491699219 7
1628572275494 122.86066436767578 8
1628572302896 122.03535461425781 9
1628572330441 121.12144470214844 10
1628572357939 120.6524887084961 11
1628572385485 120.53045654296875 12
1628572412991 119.94904327392578 13
1628572440342 120.79338073730469 14
1628572468052 119.77349853515625 15
1628572495371 119.23419952392578 16
1628572522963 118.5953369140625 17
1628572550672 118.4267578125 18
1628572578517 118.4059829711914 19
1628572605987 117.70258331298828 20
1628572633542 117.90536499023438 21
1628572660952 117.71725463867188 22
1628572688460 118.78842163085938 23
1628572716239 117.8391342163086 24
1628572743765 118.08795928955078 25
1628572771124 118.50775909423828 26
1628572798631 118.0248794555664 27
1628572826176 117.58712005615234 28
1628572853729 117.98414611816406 29
1628572881152 117.76480865478516 30
1628572908711 117.82062530517578 31
1628572936407 117.60360717773438 32
1628572963907 118.25653076171875 33
1628572991362 117.79825592041016 34
1628573018837 118.12065124511719 35
1628573046350 118.13017272949219 36
1628573073881 117.8447036743164 37
1628573101470 118.02775573730469 38
1628573128981 118.14167785644531 39
1628573156693 118.47332763671875 40
1628573184115 118.3262710571289 41
1628573214999 117.42498779296875 42
1628573243104 117.58599853515625 43
1628573271270 118.11688995361328 44
1628573299432 117.70578002929688 45
1628573329989 117.73844909667969 46
1628573358489 117.95164489746094 47
1628573388309 118.26060485839844 48
1628573417096 117.423583984375 49
