1628525114584 182.70452880859375 0
1628525216734 126.10794067382812 1
1628525319015 110.09610748291016 2
1628525420853 102.8011703491211 3
1628525523941 98.46660614013672 4
1628525625282 95.27468872070312 5
1628525728326 92.15784454345703 6
1628525831572 89.65731811523438 7
1628525933292 88.47200775146484 8
1628526035769 86.44287872314453 9
1628526138423 85.4266586303711 10
1628526241200 83.87378692626953 11
1628526345677 83.02342224121094 12
1628526448647 81.83875274658203 13
1628526551560 80.42404174804688 14
1628526655342 79.4931640625 15
1628526756438 79.16504669189453 16
1628526859464 77.92586517333984 17
1628526963986 77.43437194824219 18
1628527065881 76.63990020751953 19
