1628526837026 194.8255615234375 0
1628526891494 141.80760192871094 1
1628526944970 127.29263305664062 2
1628527002558 120.87232208251953 3
1628527062587 116.85883331298828 4
1628527120219 113.96248626708984 5
1628527176924 111.72319030761719 6
1628527230475 109.94285583496094 7
1628527302479 107.98676300048828 8
1628527359764 106.5982437133789 9
1628527413264 105.90802001953125 10
1628527464982 105.08305358886719 11
1628527513377 103.5396499633789 12
1628527560886 103.13803100585938 13
1628527608237 102.41185760498047 14
1628527666356 101.67568969726562 15
1628527710169 100.61021423339844 16
1628527753326 100.89437866210938 17
1628527796049 99.39491271972656 18
1628527851288 98.88568115234375 19
1628527908219 98.53282928466797 20
1628527972173 98.51380920410156 21
1628528025929 97.73764038085938 22
1628528082388 100.95439910888672 23
1628528142459 79.73384857177734 24
1628528205471 77.49246978759766 25
1628528270330 76.34809875488281 26
1628528331925 75.92293548583984 27
1628528376186 75.71416473388672 28
1628528423993 75.60767364501953 29
1628528470797 74.93037414550781 30
1628528516297 74.72810363769531 31
1628528562128 73.65461730957031 32
1628528618261 73.62040710449219 33
1628528673995 73.39920043945312 34
1628528729978 73.3693618774414 35
1628528787419 72.99681854248047 36
1628528843707 72.81608581542969 37
1628528907970 72.6856918334961 38
1628528974758 72.0438232421875 39
1628529028860 72.09231567382812 40
1628529086788 71.66278839111328 41
1628529139056 71.3424301147461 42
1628529199308 70.86698150634766 43
1628529253598 70.91016387939453 44
1628529305120 70.47203063964844 45
1628529362227 70.67604064941406 46
1628529420758 70.42207336425781 47
1628529477059 70.05070495605469 48
1628529538211 69.98220825195312 49
1628529596056 70.08330535888672 50
1628529648020 70.25325012207031 51
1628529706427 69.34352111816406 52
1628529767231 69.51303100585938 53
1628529828182 69.2032241821289 54
1628529893539 69.09617614746094 55
1628529941390 69.27237701416016 56
1628529996008 68.81716918945312 57
1628530052389 68.62915802001953 58
1628530106095 68.92350769042969 59
1628530157238 69.11456298828125 60
1628530201796 68.30418395996094 61
1628530247103 68.09825897216797 62
1628530291501 68.23284912109375 63
1628530335920 68.42955780029297 64
1628530383746 68.11874389648438 65
1628530441064 67.96537017822266 66
1628530494418 67.9102554321289 67
1628530549586 67.71017456054688 68
1628530602129 68.40951538085938 69
1628530648838 67.51716613769531 70
1628530697250 67.46870422363281 71
1628530747186 67.93878173828125 72
1628530797069 68.08442687988281 73
1628530847696 68.29169464111328 74
1628530896014 67.53500366210938 75
1628530943846 67.47229766845703 76
1628530988582 67.46470642089844 77
1628531033447 67.32537841796875 78
1628531081131 68.05728149414062 79
1628531125777 67.61161041259766 80
1628531171464 67.47649383544922 81
1628531215890 67.22774505615234 82
1628531260256 67.56744384765625 83
1628531304840 66.62366485595703 84
1628531349181 67.0775375366211 85
1628531394252 66.74613189697266 86
1628531438507 66.9531478881836 87
1628531482885 66.21907806396484 88
1628531527340 67.06813049316406 89
1628531571681 66.56129455566406 90
1628531616663 66.55733489990234 91
1628531662030 66.79269409179688 92
1628531706720 67.91893005371094 93
1628531751742 67.46402740478516 94
1628531797189 67.31159210205078 95
1628531842496 67.03643798828125 96
1628531886800 66.5970687866211 97
1628531934123 67.27361297607422 98
1628531978852 67.74423217773438 99
1628532023350 67.34508514404297 100
1628532068218 66.88888549804688 101
1628532112903 66.83496856689453 102
1628532156873 66.59016418457031 103
1628532201854 67.13591766357422 104
1628532246744 66.86219787597656 105
1628532290970 66.31887817382812 106
1628532335503 66.48961639404297 107
1628532380244 67.81851959228516 108
1628532425176 67.18231964111328 109
1628532469545 66.98165130615234 110
1628532513344 67.0804214477539 111
1628532557826 67.16310119628906 112
1628532602750 71.60994720458984 113
1628532647311 68.83746337890625 114
1628532691928 66.91908264160156 115
1628532736314 66.64352416992188 116
1628532780903 66.09295654296875 117
1628532825454 67.49491882324219 118
1628532870366 67.15526580810547 119
1628532915287 68.23527526855469 120
1628532959922 68.15133666992188 121
1628533007595 70.25469207763672 122
1628533052881 68.7730941772461 123
1628533097688 68.4723129272461 124
1628533143190 74.21170806884766 125
1628533188051 70.4584732055664 126
1628533232545 71.8690414428711 127
1628533277204 72.0148696899414 128
1628533321364 83.3652114868164 129
1628533365893 75.30574798583984 130
1628533410841 78.92874145507812 131
1628533455494 80.68869018554688 132
1628533500157 76.52931213378906 133
1628533545879 74.69449615478516 134
1628533590322 75.94722747802734 135
1628533634446 88.48789978027344 136
1628533678755 74.65560150146484 137
1628533723079 71.54205322265625 138
1628533767036 72.48609161376953 139
