1628443043890 168.68080139160156 0
1628443145820 167.29954528808594 1
1628443249736 168.06704711914062 2
1628443351594 166.63327026367188 3
1628443455297 166.6453399658203 4
1628443557961 166.15487670898438 5
1628443660548 165.99070739746094 6
1628443758857 166.0570526123047 7
1628443856085 165.50540161132812 8
1628443958447 165.47415161132812 9
1628444063746 164.7486114501953 10
1628444162983 165.01556396484375 11
1628444262312 164.41995239257812 12
1628444359466 164.35655212402344 13
1628444456891 164.5362091064453 14
1628444554877 164.2317352294922 15
1628444655336 165.01864624023438 16
1628444752877 164.42396545410156 17
1628444850617 164.49627685546875 18
1628444952066 164.67564392089844 19
1628445055168 164.0211944580078 20
1628445157907 164.42149353027344 21
1628445266326 164.54296875 22
1628445370516 163.8093719482422 23
1628445472472 164.4651641845703 24
1628445577577 163.84823608398438 25
1628445684572 163.69984436035156 26
1628445787565 163.79678344726562 27
1628445883069 162.9674530029297 28
1628445978305 162.2535400390625 29
1628446072762 162.54319763183594 30
1628446168747 161.7460479736328 31
1628446263707 161.47665405273438 32
1628446358244 161.18690490722656 33
1628446453479 161.88958740234375 34
1628446549157 161.72203063964844 35
1628446644137 161.55203247070312 36
1628446738835 160.68170166015625 37
1628446836397 160.42276000976562 38
1628446938023 161.2662353515625 39
1628447042975 160.0762481689453 40
1628447145131 161.27053833007812 41
1628447245234 160.9049072265625 42
1628447342304 162.23561096191406 43
1628447444389 161.48294067382812 44
1628447544405 161.6189422607422 45
1628447652544 161.29710388183594 46
1628447753117 161.87051391601562 47
1628447868247 161.7981414794922 48
1628447973144 161.59292602539062 49
