1628548372057 221.21115112304688 0
1628548404142 167.79591369628906 1
1628548439796 137.10972595214844 2
1628548471615 117.74908447265625 3
1628548507040 108.39659118652344 4
1628548538864 101.99707794189453 5
1628548571547 97.3106460571289 6
1628548605435 93.69791412353516 7
1628548637787 90.71854400634766 8
1628548674855 87.87004852294922 9
1628548710845 85.4678955078125 10
1628548746965 83.63442993164062 11
1628548781140 81.73646545410156 12
1628548813181 80.12452697753906 13
1628548844952 78.39521789550781 14
1628548879422 76.91126251220703 15
1628548913126 75.28642272949219 16
1628548946184 74.2720947265625 17
1628548980193 72.9638671875 18
1628549013038 71.81806182861328 19
1628549046575 70.38021850585938 20
1628549079589 69.21240234375 21
1628549111383 68.57894134521484 22
1628549142271 67.80595397949219 23
1628549174885 66.8213882446289 24
1628549209301 65.74070739746094 25
1628549242345 64.59110260009766 26
1628549276930 64.27172088623047 27
1628549314327 63.34932327270508 28
1628549345348 62.48925018310547 29
1628549377875 61.835289001464844 30
1628549410083 60.90835189819336 31
1628549444192 60.390289306640625 32
1628549477358 59.92103958129883 33
1628549508912 58.929115295410156 34
1628549544426 58.35099411010742 35
1628549577785 57.79446029663086 36
1628549612064 57.63724899291992 37
1628549644321 56.80442428588867 38
1628549679329 56.43252944946289 39
1628549712504 55.91539001464844 40
1628549746503 55.292724609375 41
1628549783169 54.93976974487305 42
1628549819333 54.36262130737305 43
1628549855349 53.83512878417969 44
1628549887514 53.11697006225586 45
1628549921357 52.73875427246094 46
1628549954986 52.738182067871094 47
1628549986434 52.131221771240234 48
1628550016763 51.67591857910156 49
1628550052308 51.33119201660156 50
1628550084945 50.89988708496094 51
1628550116749 50.565792083740234 52
1628550151505 50.03795623779297 53
1628550185583 49.638851165771484 54
1628550221209 49.74039077758789 55
1628550253281 48.878204345703125 56
1628550288645 48.47439956665039 57
1628550323202 48.581993103027344 58
1628550357282 48.38748550415039 59
1628550390217 47.671043395996094 60
1628550423296 47.507164001464844 61
1628550457767 46.68937301635742 62
1628550491466 46.85538864135742 63
1628550525889 46.56596374511719 64
1628550557287 46.09896469116211 65
1628550588669 46.157936096191406 66
1628550618141 45.70058822631836 67
1628550647554 45.61216354370117 68
1628550677099 45.4552116394043 69
1628550706698 44.86648941040039 70
1628550736192 44.77924346923828 71
1628550765834 44.242923736572266 72
1628550795097 44.3838996887207 73
1628550825004 44.06649398803711 74
1628550854607 43.863712310791016 75
1628550887004 43.43900680541992 76
1628550918296 43.39162063598633 77
