1628517418502 224.37745666503906 0
1628517452166 164.55499267578125 1
1628517491264 144.8948516845703 2
1628517529697 134.0159912109375 3
1628517566285 128.4316864013672 4
1628517600649 123.66471862792969 5
1628517634553 120.07523345947266 6
1628517673029 116.4422836303711 7
1628517709291 113.70601654052734 8
1628517744385 106.67536163330078 9
1628517779864 94.13844299316406 10
1628517813996 90.32997131347656 11
1628517848082 87.94904327392578 12
1628517881415 85.51033782958984 13
1628517914524 83.18898010253906 14
1628517948167 81.5036849975586 15
1628517983133 79.81256103515625 16
1628518018952 78.27302551269531 17
1628518050450 76.89546203613281 18
1628518082084 75.67329406738281 19
1628518115047 74.19231414794922 20
1628518147857 72.85664367675781 21
1628518179386 71.93045043945312 22
1628518210962 71.31808471679688 23
1628518243186 70.01559448242188 24
1628518276112 68.97726440429688 25
1628518307740 67.8192367553711 26
1628518340638 67.32140350341797 27
1628518373442 66.1829605102539 28
1628518406757 65.56267547607422 29
