1628659033922 168.87823486328125 0
1628659137931 130.63232421875 1
1628659244420 120.81329345703125 2
1628659347077 108.76609802246094 3
1628659450872 103.95809173583984 4
1628659555089 100.44740295410156 5
1628659659793 97.98216247558594 6
1628659761907 95.81761932373047 7
1628659870290 94.2636947631836 8
1628659980937 92.79759979248047 9
1628660090432 91.64110565185547 10
1628660204255 90.50932312011719 11
1628660305460 89.51012420654297 12
1628660412862 88.61415100097656 13
1628660515932 87.95703887939453 14
1628660617860 87.15760040283203 15
1628660722035 86.30337524414062 16
1628660826911 85.69568634033203 17
1628660929375 85.15308380126953 18
1628661034692 84.58597564697266 19
