1628654295048 170.26971435546875 0
1628654424451 122.76016235351562 1
1628654554089 113.00955963134766 2
1628654683414 106.40574645996094 3
1628654813222 101.51901245117188 4
1628654942785 97.78556823730469 5
1628655073140 94.93633270263672 6
1628655205295 92.57475280761719 7
1628655338519 90.51437377929688 8
1628655469634 88.6871337890625 9
1628655602384 87.08954620361328 10
1628655740917 85.35263061523438 11
1628655863344 83.88329315185547 12
1628655995662 82.677978515625 13
1628656124780 81.37918853759766 14
1628656252918 80.24703216552734 15
1628656386648 79.26930236816406 16
1628656516418 78.21487426757812 17
1628656642289 77.13151550292969 18
1628656767163 76.32514190673828 19
