1628450154097 162.1615447998047 0
1628450253606 163.65489196777344 1
1628450358439 162.96157836914062 2
1628450460628 163.3987579345703 3
1628450563799 163.08016967773438 4
1628450665971 163.18426513671875 5
1628450768069 163.24273681640625 6
1628450871744 162.76869201660156 7
1628450965491 163.25990295410156 8
1628451058595 162.70846557617188 9
1628451151079 162.83474731445312 10
1628451243833 164.10906982421875 11
1628451336300 163.9166717529297 12
1628451430388 163.15553283691406 13
1628451523526 162.6457977294922 14
1628451617388 164.109375 15
1628451710919 163.63218688964844 16
1628451803466 163.9034423828125 17
1628451896214 162.57562255859375 18
1628451989201 163.79112243652344 19
1628452083266 162.78131103515625 20
1628460394989 162.2916259765625 21
1628460517770 162.68016052246094 22
1628460637860 163.79840087890625 23
1628460758281 162.28515625 24
1628460876354 163.16482543945312 25
1628460995577 162.68106079101562 26
1628461114658 163.3094940185547 27
1628461232347 163.4952850341797 28
1628461351403 163.82461547851562 29
1628461470053 163.70997619628906 30
1628461589041 163.11029052734375 31
1628461707759 162.24713134765625 32
1628461827954 162.73110961914062 33
1628461947256 162.70806884765625 34
1628462066849 163.9499053955078 35
1628462185876 162.15060424804688 36
1628462306931 162.11924743652344 37
1628462426773 164.09518432617188 38
1628462546758 161.49160766601562 39
1628462667358 162.44471740722656 40
1628462786283 159.9626007080078 41
1628471037248 159.1081085205078 42
1628471152239 158.72288513183594 43
1628471266703 159.32733154296875 44
1628471381312 158.88482666015625 45
1628471495829 159.46493530273438 46
1628471609725 159.5512237548828 47
1628471725735 159.9678497314453 48
1628471841456 159.98255920410156 49
1628471957173 160.6220703125 50
1628472071964 160.85708618164062 51
1628472188183 160.8332977294922 52
1628472302494 159.25564575195312 53
1628472418339 159.62954711914062 54
1628472534271 159.57200622558594 55
1628472647511 159.5581817626953 56
1628472763063 159.74700927734375 57
1628474313733 158.88851928710938 58
1628474433942 160.15687561035156 59
1628474556084 159.53073120117188 60
1628474676481 161.0313720703125 61
1628474788000 160.06752014160156 62
1628474902107 160.72303771972656 63
1628475016228 159.92660522460938 64
1628475129570 159.362060546875 65
1628475249951 160.04945373535156 66
1628475371240 159.57667541503906 67
1628475487940 159.93882751464844 68
1628475607602 159.54869079589844 69
1628475728372 160.33041381835938 70
1628475849037 161.01846313476562 71
1628475970404 159.71290588378906 72
1628476097498 160.20452880859375 73
1628476223500 160.26849365234375 74
1628476355323 160.12002563476562 75
1628476474220 160.74911499023438 76
1628476603622 160.3533935546875 77
1628476728337 160.24432373046875 78
1628476849341 160.47354125976562 79
1628476972601 160.3237762451172 80
1628477098276 160.50396728515625 81
1628477225786 160.508056640625 82
1628477354582 160.74136352539062 83
1628477495710 160.7562713623047 84
1628477626260 161.07669067382812 85
1628477750781 161.47506713867188 86
1628477887986 161.11688232421875 87
1628478018098 161.91664123535156 88
1628478145391 160.96180725097656 89
1628478267223 161.13575744628906 90
1628478389466 161.7175750732422 91
1628478513411 161.04238891601562 92
1628478631183 161.37408447265625 93
1628478747184 161.15542602539062 94
1628478864594 161.6805419921875 95
1628478995206 161.14456176757812 96
1628479125434 161.5982208251953 97
1628479245582 161.07522583007812 98
1628479361256 161.20562744140625 99
1628479478742 160.97047424316406 100
1628479596711 161.54098510742188 101
1628479715600 161.17654418945312 102
1628479832225 160.34278869628906 103
1628479957904 161.09268188476562 104
1628480083043 161.8959197998047 105
1628480205811 161.09458923339844 106
1628480328440 162.41990661621094 107
1628480449535 161.76783752441406 108
1628480574660 161.59523010253906 109
1628480704189 161.2912139892578 110
1628480842076 161.76182556152344 111
1628480967020 161.38037109375 112
1628481082991 161.4697265625 113
1628481205944 161.4775848388672 114
1628481323011 162.82566833496094 115
1628481432330 161.9326171875 116
1628481545741 161.2709503173828 117
1628481658734 161.15328979492188 118
1628481775321 161.64918518066406 119
1628481885543 161.6903839111328 120
1628482000539 160.89791870117188 121
1628482120383 161.06729125976562 122
1628482239137 161.713134765625 123
1628482357176 161.08843994140625 124
1628482470546 161.2442626953125 125
1628482586400 162.1031951904297 126
1628482700131 162.11724853515625 127
1628482816170 161.48138427734375 128
1628482930433 161.53939819335938 129
