1628650230847 145.28395080566406 0
1628650340649 107.10350036621094 1
1628650450459 97.66313934326172 2
1628650561005 91.634765625 3
1628650670768 87.04080963134766 4
1628650785072 83.53125 5
1628650907878 80.58370208740234 6
1628651029830 77.91691589355469 7
1628651151473 75.75350952148438 8
1628651273191 73.9484634399414 9
1628651394476 72.42745208740234 10
1628651515756 71.05422973632812 11
1628651637129 69.51058197021484 12
1628651759393 68.36247253417969 13
1628651878900 67.33373260498047 14
1628651999639 66.54106140136719 15
1628652119360 65.77806091308594 16
1628652239619 64.83952331542969 17
1628652359595 64.2444839477539 18
1628652479573 63.37617111206055 19
