1628507371236 181.56973266601562 0
1628507473493 127.87000274658203 1
1628507576673 110.50241088867188 2
1628507679635 103.81767272949219 3
1628507782190 99.17984771728516 4
1628507884123 96.57722473144531 5
1628507987963 93.80604553222656 6
1628508090324 91.95475769042969 7
1628508193936 90.10865783691406 8
1628508296443 89.2541275024414 9
1628508400126 87.94844055175781 10
1628508502705 86.90434265136719 11
1628508605289 85.68891143798828 12
1628508708351 84.79155731201172 13
1628508811959 84.358154296875 14
1628508914269 83.21485137939453 15
1628509016489 82.433349609375 16
1628509119405 80.93785095214844 17
1628509222149 80.18205261230469 18
1628509325941 81.36770629882812 19
