1628614758017 169.3365478515625 0
1628614868237 127.19271087646484 1
1628614976431 109.07255554199219 2
1628615078722 93.21259307861328 3
1628615183021 87.71722412109375 4
1628615288680 83.7302017211914 5
1628615394150 80.75201416015625 6
1628615499347 78.208984375 7
1628615605546 75.95634460449219 8
1628615710855 74.2494888305664 9
1628615813966 72.45374298095703 10
1628615917172 70.87611389160156 11
1628616020142 69.5442123413086 12
1628616123090 68.34925079345703 13
1628616225961 67.58950805664062 14
1628616328858 66.40571594238281 15
1628616431004 65.18151092529297 16
1628616533594 64.75273132324219 17
1628616635849 65.26174926757812 18
1628616738046 65.98441314697266 19
