1628595725161 230.4330596923828 0
1628595758568 176.834228515625 1
1628595792140 155.43971252441406 2
1628595827074 142.2087860107422 3
1628595860443 130.39974975585938 4
1628595893801 123.44352722167969 5
1628595927321 105.81636810302734 6
1628595960352 96.23926544189453 7
1628595993499 91.77861785888672 8
1628596026893 88.00872039794922 9
1628596059672 84.98048400878906 10
1628596092424 82.94245147705078 11
1628596125887 80.50074005126953 12
1628596158031 78.52578735351562 13
1628596190097 76.76879119873047 14
1628596222477 75.00636291503906 15
1628596254221 73.5368423461914 16
1628596285990 72.13248443603516 17
1628596317983 70.74327087402344 18
1628596349956 69.60582733154297 19
