1628495391289 174.12924194335938 0
1628495436980 120.32859802246094 1
1628495478614 108.04154205322266 2
1628495523127 101.28072357177734 3
1628495564164 96.97518920898438 4
1628495606753 93.78804016113281 5
1628495649593 91.08245849609375 6
1628495691303 89.26815795898438 7
1628495737374 87.5893783569336 8
1628495783344 86.04554748535156 9
1628495829394 84.58155059814453 10
1628495877200 83.84703063964844 11
1628495918577 82.7898178100586 12
1628495959213 81.54865264892578 13
1628496008877 80.55833435058594 14
1628496051192 79.89984130859375 15
1628496093837 79.09850311279297 16
1628496136538 78.47196197509766 17
1628496181665 77.92799377441406 18
1628496225751 77.5067367553711 19
