1628661153751 83.99864196777344 0
1628661255726 83.4880599975586 1
1628661355432 83.11767578125 2
1628661486881 82.6346664428711 3
1628661662524 82.04751586914062 4
1628661769947 81.76758575439453 5
1628661868368 81.33045196533203 6
1628661965051 81.17070007324219 7
1628662061974 80.80068969726562 8
1628662159078 80.53236389160156 9
1628662256189 80.16768646240234 10
1628662356779 79.77539825439453 11
1628662457118 79.51660919189453 12
1628662556552 79.2718734741211 13
1628662657988 79.02027130126953 14
1628662763307 78.68812561035156 15
1628662877102 78.64920806884766 16
1628662983206 78.49971771240234 17
1628663083622 78.06417083740234 18
1628663190185 77.89960479736328 19
