1628655160132 166.4639434814453 0
1628655303942 109.4210433959961 1
1628655449077 94.78297424316406 2
1628655592413 88.43556213378906 3
1628655737756 83.95531463623047 4
1628655882713 80.61390686035156 5
1628656028765 78.04592895507812 6
1628656175389 75.739501953125 7
1628656321508 73.97444915771484 8
1628656466715 72.3853988647461 9
1628656613034 71.07593536376953 10
1628656760009 69.50358581542969 11
1628656907196 68.24752807617188 12
1628657053493 66.84723663330078 13
1628657200106 66.01091766357422 14
