1628643607088 138.9264373779297 0
1628643739398 108.42965698242188 1
1628643873275 102.15052032470703 2
1628644005743 98.6317138671875 3
1628644137863 96.49728393554688 4
1628644269598 94.67320251464844 5
1628644402159 93.4805908203125 6
1628644534478 92.24842071533203 7
1628644666369 91.31705474853516 8
1628644798933 90.35649871826172 9
1628644932281 89.64903259277344 10
1628645067629 88.8874740600586 11
1628645200040 88.005859375 12
1628645332199 87.45550537109375 13
1628645465240 87.06818389892578 14
1628645597338 86.59234619140625 15
1628645728838 86.00738525390625 16
1628645860842 85.61058807373047 17
1628645993260 85.22109985351562 18
1628646125273 84.8429946899414 19
1628646257366 84.84847259521484 20
1628646389908 84.51700592041016 21
1628646523165 84.3913803100586 22
1628646655365 84.29341125488281 23
1628646788249 84.64300537109375 24
1628646921574 84.65147399902344 25
1628647055477 84.64903259277344 26
1628647187456 85.44346618652344 27
1628647319728 85.60942840576172 28
1628647452378 84.9630355834961 29
1628647584904 86.08390808105469 30
1628647717381 92.68287658691406 31
1628647849474 86.85435485839844 32
1628647981934 85.6488265991211 33
1628648113957 86.91780090332031 34
1628648245852 85.890380859375 35
1628648378518 88.49715423583984 36
1628648510475 92.31038665771484 37
1628648643043 88.21554565429688 38
1628648775027 87.75944519042969 39
1628648907667 87.80077362060547 40
1628649039759 87.84491729736328 41
1628649172790 90.21969604492188 42
1628649305413 89.82691192626953 43
1628649437923 88.97660064697266 44
1628649570006 88.80622100830078 45
1628649702559 88.54080963134766 46
1628649835436 91.29814910888672 47
1628649967981 93.49333190917969 48
1628650100635 92.36833190917969 49
