1628519490841 228.24400329589844 0
1628519524889 176.6957550048828 1
1628519564041 160.46763610839844 2
1628519607944 145.54916381835938 3
1628519656518 135.90611267089844 4
1628519698291 128.06692504882812 5
1628519738470 109.077392578125 6
1628519781443 102.44853973388672 7
1628519827309 97.98661804199219 8
1628519880666 93.79793548583984 9
1628519930402 90.5460205078125 10
1628519972212 88.41462707519531 11
1628520007641 85.99938201904297 12
1628520040760 83.63964080810547 13
1628520073726 81.56163024902344 14
1628520106664 79.74970245361328 15
1628520139344 78.19603729248047 16
1628520172397 76.82508087158203 17
1628520205477 75.1137924194336 18
1628520238433 74.24880981445312 19
1628520271114 72.44770812988281 20
1628520303818 71.24439239501953 21
1628520341347 70.35649871826172 22
1628520378735 69.8411865234375 23
1628520414727 68.68283081054688 24
1628520448722 67.47247314453125 25
1628520484566 66.37798309326172 26
1628520518779 66.02986145019531 27
1628520551041 65.01850128173828 28
1628520583350 64.46733856201172 29
