1628492734517 227.71945190429688 0
1628492781799 186.63436889648438 1
1628492829808 165.1280517578125 2
1628492867243 119.02642059326172 3
1628492914896 107.45826721191406 4
1628492964566 101.88590240478516 5
1628493015750 98.06819152832031 6
1628493062912 95.35144805908203 7
1628493109642 93.33960723876953 8
1628493158127 91.1965103149414 9
1628493203184 89.44204711914062 10
1628493250684 88.2676010131836 11
1628493296831 87.13533020019531 12
1628493346924 85.81365203857422 13
1628493388566 84.73827362060547 14
1628493430408 83.8077621459961 15
1628493471013 83.0456314086914 16
1628493514931 82.17741394042969 17
1628493559389 81.51808166503906 18
1628493603083 81.14974975585938 19
1628493646399 80.04852294921875 20
1628493690107 79.21248626708984 21
1628493734250 79.09525299072266 22
1628493779933 78.86055755615234 23
1628493826002 78.16371154785156 24
1628493863924 77.58680725097656 25
1628493902401 76.6683120727539 26
1628493941716 76.73755645751953 27
1628493979471 75.96157836914062 28
1628494016808 75.77629852294922 29
1628494054056 75.60468292236328 30
1628494093496 75.30755615234375 31
1628494137789 75.05310821533203 32
1628494181503 75.02815246582031 33
1628494226191 74.209716796875 34
1628494269607 74.33358764648438 35
1628494312800 73.7630844116211 36
1628494356192 74.00521850585938 37
1628494399363 74.08758544921875 38
1628494443365 73.47834014892578 39
1628494486713 73.5267333984375 40
1628494529798 72.9696044921875 41
1628494573231 72.83187866210938 42
1628494617674 72.8959732055664 43
1628494661296 72.67707824707031 44
1628494701488 72.20451354980469 45
1628494738198 71.79722595214844 46
1628494776543 71.78617095947266 47
1628494820165 71.71350860595703 48
1628494865390 71.60904693603516 49
