1628596996865 203.71234130859375 0
1628597027559 159.8484649658203 1
1628597060868 155.8219757080078 2
1628597095103 152.3302459716797 3
1628597127602 150.36181640625 4
1628597157918 148.89866638183594 5
1628597187307 147.06069946289062 6
1628597221076 145.92271423339844 7
1628597253561 145.1846466064453 8
1628597285814 144.31076049804688 9
1628597315718 143.559326171875 10
1628597345406 142.91116333007812 11
1628597379881 142.2449951171875 12
1628597410281 141.6615447998047 13
1628597440846 141.8206024169922 14
1628597472686 142.01429748535156 15
1628597503570 141.8280029296875 16
1628597534014 141.34657287597656 17
1628597567440 141.45755004882812 18
1628597600082 141.5992889404297 19
1628597632764 140.8618927001953 20
1628597666009 140.9014434814453 21
1628597702859 140.85531616210938 22
1628597741281 143.15420532226562 23
1628597774472 142.02247619628906 24
1628597813053 141.44979858398438 25
1628597848633 140.1593780517578 26
1628597881856 141.06515502929688 27
1628597915371 139.7827606201172 28
1628597950114 140.76246643066406 29
1628597984053 141.10476684570312 30
1628598017578 140.29226684570312 31
1628598051603 140.68246459960938 32
1628598085832 141.56178283691406 33
1628598120285 139.401611328125 34
1628598163744 139.24581909179688 35
1628598205797 138.4636993408203 36
1628598250001 139.13311767578125 37
1628598295075 139.287841796875 38
1628598340416 138.568115234375 39
1628598381745 139.09359741210938 40
1628598421437 139.13746643066406 41
1628598459614 138.79531860351562 42
1628598497475 138.68035888671875 43
1628598535845 138.6201171875 44
1628598572540 137.6630096435547 45
1628598612480 138.0908966064453 46
1628598653830 137.9546661376953 47
1628598691022 138.17462158203125 48
1628598736074 140.32818603515625 49
